644039
644103
644031
644114
644016
644049
644120
644073
644015
644016
644039
644105
644050
644120
644047
644016
644035
644018
644036
644098
644016
644000
644103
644000
644016
644120
644085
644517
644025
644105
644903
644031
644033
644061
644520
644031
644013
644910
644027
644065
644047
644014
644039
644015
644032
644009
644013
644047
644070
644010
644046
644015
644009
644047
644046
644010
644046
644010
644046
644031
644009
644047
644015
644008
644047
644070
644001
644021
644070
644010
644046
644021
644047
644000
644122
644047
644122
644007
644047
644047
644047
644015
644015
644015
644015
644046
644070
644001
644021
644070
644001
644010
644046
644021
644047
644021
644070
644070
644010
644001
644046
644021
644061
644047
644070
644001
644001
644021
644047
644021
644070
644001
644021
644010
644070
644001
644021
644031
644024
644070
644001
644009
644031
644009
644031
644070
644001
644015
644103
644015
644015
644015
644015
644031
644001
644031
644009
644001
644031
644009
644031
644009
644031
644009
644031
644009
644031
644009
644029
644053
644065
644058
644015
644103
644001
644009
644010
644001
644009
644027
644009
644031
644009
644009
644050
644029
644053
644077
644031
644009
644089
644088
644065
644053
644089
644015
644031
644009
644031
644031
644052
644105
644009
644031
644000
644031
644009
644121
644031
644009
644009
644009
644027
644070
644024
644047
644076
644089
644088
644065
644053
644089
644103
644074
644011
644123
644074
644076
644036
644046
644021
644555
644901
644013
644012
644052
644105
644103
644015
644103
644015
644103
644047
644016
644016
644016
644032
644008
644073
644005
644073
644105
644116
644116
644116
644116
644116
644116
644116
644116
644116
644116
644116
644052
644116
644116
644116
644116
644116
644116
644086
644086
644086
644086
644052
644086
644013
644052
644086
644052
644052
644052
644052
644006
644029
644077
644029
644052
644105
644086
644088
644047
644070
644031
644052
644047
644105
644109
644074
644123
644112
644008
644119
644121
644052
644086
644036
644005
644091
644120
644120
644120
644120
644120
644120
644120
644120
644120
644120
644120
644120
644120
644043
644049
644023
644047
644105
644086
644086
644086
644105
644086
644105
644090
644110
644090
644120
644058
644012
644012
644012
644012
644012
644039
644120
644073
644121
644100
644083
644070
644024
644030
644027
644007
644047
644047
644047
644047
644047
644073
644012
644024
644070
644023
644041
644082
644082
644106
644005
644045
644023
644070
644001
644001
644021
644043
644008
644083
644110
644052
644086
644015
644006
644113
644113
644113
644024
644079
644079
644043
644007
644046
644021
644046
644024
644024
644902
644109
644048
644033
644007
644033
644069
644034
644022
644092
644074
644022
644022
644070
644112
644030
644060
644030
644030
644091
644073
644120
644033
644013
644041
644041
644041
644006
644098
644006
644007
644117
644009
644039
644014
644039
644005
644022
644106
644073
644058
644120
644058
644045
644039
644103
644015
644103
644043
644033
644122
644033
644014
644039
644039
644039
644039
644039
644039
644014
644105
644047
644105
644047
644047
644047
644047
644047
644047
644047
644047
644047
644047
644047
644113
644005
644070
644022
644013
644013
644901
644024
644043
644024
644014
644109
644106
644069
644043
644007
644033
644069
644116
644083
644015
644005
644030
644060
644043
644039
644091
644120
644120
644082
644016
644082
644008
644008
644082
644082
644082
644005
644065
644007
644047
644114
644105
644015
644015
644015
644015
644015
644036
644005
644029
644053
644035
644040
644035
644060
644030
644039
644043
644007
644047
644047
644902
644010
644031
644015
644015
644103
644012
644033
644033
644033
644033
644070
644010
644070
644024
644010
644046
644106
644027
644030
644005
644030
644030
644058
644024
644070
644106
644005
644043
644106
644081
644073
644015
644015
644015
644123
644074
644036
644036
644043
644122
644005
644113
644089
644089
644033
644034
644013
644013
644013
644013
644013
644013
644013
644114
644114
644114
644043
644089
644073
644024
644015
644015
644015
644015
644012
644012
644012
644012
644012
644012
644012
644012
644012
644012
644013
644013
644011
644011
644011
644011
644011
644011
644027
644033
644046
644021
644076
644105
644105
644047
644079
644041
644079
644023
644023
644023
644079
644079
644079
644005
644060
644073
644077
644086
644013
644065
644065
644065
644065
644065
644065
644065
644065
644065
644065
644032
644090
644050
644110
644090
644083
644100
644050
644050
644050
644050
644050
644045
644045
644045
644045
644045
644045
644045
644045
644016
644016
644016
644016
644016
644016
644016
644016
644023
644031
644031
644031
644031
644031
644119
644058
644033
644033
644073
644024
644070
644031
644022
644105
644032
644119
644010
644005
644016
644901
644109
644073
644043
644106
644031
644005
644024
644048
644012
644027
644018
644076
644018
644015
644103
644000
644008
644113
644043
644046
644046
644021
644070
644031
644041
644005
644024
644042
644048
644020
644058
644013
644036
644036
644036
644036
644024
644121
644901
644031
644005
644018
644117
644025
644020
644005
644030
644015
644015
644043
644024
644006
644024
644010
644042
644006
644048
644020
644005
644082
644014
644014
644014
644014
644103
644015
644103
644103
644013
644013
644008
644094
644094
644122
644043
644043
644122
644122
644007
644047
644043
644007
644047
644082
644030
644012
644079
644041
644079
644082
644082
644036
644082
644082
644082
644036
644016
644036
644016
644036
644016
644036
644036
644016
644036
644082
644082
644030
644014
644094
644094
644094
644094
644094
644901
644008
644015
644015
644015
644031
644031
644033
644033
644033
644024
644033
644033
644033
644033
644033
644033
644033
644033
644091
644074
644092
644119
644112
644074
644035
644050
644010
644073
644083
644043
644060
644091
644060
644091
644060
644091
644091
644091
644091
644091
644091
644091
644091
644039
644091
644091
644023
644119
644073
644011
644123
644074
644018
644018
644018
644012
644100
644045
644012
644010
644011
644043
644007
644070
644076
644027
644076
644092
644106
644020
644121
644029
644006
644073
644082
644016
644012
644012
644012
644012
644012
644043
644005
644060
644014
644014
644014
644014
644014
644014
644014
644014
644043
644031
644013
644014
644014
644091
644060
644091
644007
644007
644069
644041
644043
644024
644043
644070
644001
644009
644012
644110
644034
644012
644090
644035
644005
644007
644069
644116
644116
644007
644069
644002
644043
644008
644043
644122
644033
644001
644024
644001
644009
644010
644521
644005
644089
644053
644089
644053
644089
644089
644089
644089
644089
644119
644123
644033
644060
644030
644030
644030
644030
644030
644030
644030
644030
644030
644073
644070
644027
644024
644070
644001
644024
644010
644046
644015
644103
644015
644016
644016
644016
644016
644029
644036
644036
644036
644036
644015
644014
644121
644013
644005
644005
644010
644010
644001
644100
644030
644033
644033
644033
644109
644020
644043
644024
644010
644010
644120
644120
644120
644120
644120
644120
644120
644020
644121
644020
644024
644070
644001
644009
644009
644009
644009
644009
644031
644106
644030
644030
644030
644901
644036
644036
644015
644036
644036
644036
644021
644027
644049
644073
644039
644113
644109
644039
644091
644053
644020
644506
644060
644060
644047
644014
644024
644070
644024
644070
644016
644016
644016
644016
644022
644106
644092
644081
644119
644015
644015
644073
644073
644073
644073
644073
644073
644073
644073
644073
644073
644073
644073
644073
644033
644902
644060
644091
644112
644088
644077
644089
644050
644088
644029
644065
644053
644089
644120
644120
644033
644122
644011
644012
644110
644090
644113
644109
644029
644050
644029
644901
644077
644089
644053
644005
644047
644025
644106
644048
644010
644020
644121
644010
644024
644010
644046
644014
644014
644014
644014
644014
644014
644014
644014
644091
644014
644039
644091
644039
644091
644039
644039
644091
644039
644091
644039
644091
644039
644091
644039
644091
644039
644091
644039
644091
644039
644091
644039
644091
644039
644091
644039
644091
644039
644010
644010
644001
644010
644001
644009
644027
644015
644103
644103
644015
644103
644036
644109
644058
644113
644109
644113
644109
644010
644042
644001
644021
644046
644010
644010
644046
644001
644021
644106
644036
644082
644036
644083
644100
644090
644036
644022
644091
644008
644085
644080
644050
644029
644077
644053
644089
644085
644022
644024
644070
644036
644036
644036
644036
644036
644077
644117
644117
644117
644117
644117
644109
644058
644105
644043
644022
644015
644103
644103
644016
644016
644016
644016
644016
644016
644016
644014
644091
644039
644081
644109
644902
644014
644060
644060
644060
644014
644014
644091
644014
644014
644043
644015
644103
644015
644013
644036
644036
644036
644036
644077
644085
644077
644105
644105
644005
644120
644037
644043
644005
644036
644065
644029
644053
644040
644065
644065
644040
644040
644005
644045
644031
644121
644520
644014
644014
644014
644014
644014
644005
644532
644058
644015
644103
644015
644022
644022
644022
644022
644022
644089
644520
644089
644089
644089
644089
644089
644089
644089
644089
644089
644041
644079
644079
644060
644088
644088
644088
644065
644088
644065
644065
644014
644546
644076
644040
644035
644005
644005
644005
644005
644005
644005
644089
644076
644089
644089
644043
644122
644007
644007
644007
644060
644082
644082
644016
644076
644024
644070
644031
644008
644043
644122
644007
644033
644069
644034
644006
644901
644901
644901
644007
644033
644069
644034
644116
644546
644011
644011
644011
644011
644011
644011
644011
644011
644011
644011
644011
644011
644018
644520
644901
644013
644910
644022
644008
644021
644046
644014
644014
644079
644043
644037
644043
644027
644073
644091
644082
644043
644039
644122
644033
644092
644112
644092
644112
644092
644119
644036
644014
644014
644032
644076
644013
644029
644006
644015
644015
644015
644015
644103
644060
644060
644001
644031
644076
644046
644021
644036
644903
644043
644042
644048
644103
644015
644103
644024
644070
644032
644022
644044
644010
644014
644006
644031
644060
644030
644073
644015
644076
644085
644014
644121
644050
644080
644050
644080
644050
644050
644042
644010
644046
644046
644021
644024
644020
644005
644050
644008
644050
644024
644520
644022
644020
644077
644012
644012
644012
644012
644082
644105
644039
644039
644031
644031
644121
644121
644121
644121
644018
644023
644023
644023
644023
644094
644094
644073
644910
644910
644910
644910
644910
644082
644024
644060
644091
644113
644109
644058
644113
644058
644113
644109
644058
644113
644109
644058
644113
644109
644058
644113
644109
644058
644113
644109
644113
644058
644058
644058
644092
644024
644010
644046
644114
644031
644007
644010
644041
644041
644041
644041
644041
644041
644041
644041
644041
644041
644041
644041
644041
644041
644041
644079
644023
644041
644079
644023
644079
644023
644079
644079
644023
644079
644023
644079
644079
644079
644079
644023
644079
644023
644079
644079
644079
644079
644079
644079
644079
644079
644079
644030
644030
644030
644030
644030
644030
644030
644011
644005
644030
644060
644073
644105
644105
644105
644105
644105
644105
644105
644105
644105
644105
644036
644098
644098
644098
644098
644098
644106
644082
644023
644047
644047
644047
644047
644047
644047
644047
644047
644047
644047
644047
644047
644047
644047
644047
644014
644014
644091
644015
644106
644030
644020
644081
644073
644076
644106
644902
644060
644005
644117
644036
644036
644036
644036
644036
644011
644011
644103
644073
644030
644074
644074
644074
644074
644074
644024
644122
644033
644069
644034
644036
644036
644036
644036
644036
644036
644036
644036
644036
644036
644036
644036
644036
644036
644036
644036
644036
644036
644036
644036
644005
644031
644015
644015
644082
644014
644083
644109
644070
644009
644031
644041
644079
644049
644082
644082
644122
644122
644007
644122
644122
644007
644122
644122
644007
644033
644122
644033
644122
644007
644122
644033
644047
644007
644122
644007
644047
644033
644122
644007
644033
644122
644033
644122
644007
644033
644033
644007
644033
644007
644033
644007
644033
644007
644033
644007
644033
644007
644069
644007
644033
644007
644033
644069
644069
644033
644069
644069
644033
644034
644069
644034
644069
644034
644069
644069
644034
644069
644034
644069
644069
644034
644069
644034
644069
644116
644052
644069
644116
644052
644034
644116
644116
644034
644116
644034
644116
644052
644116
644034
644116
644034
644116
644034
644116
644086
644034
644116
644034
644116
644086
644116
644086
644116
644116
644034
644116
644086
644116
644086
644009
644009
644015
644103
644015
644022
644546
644014
644091
644082
644016
644016
644082
644016
644082
644082
644082
644016
644016
644016
644016
644016
644016
644016
644024
644027
644106
644048
644020
644048
644008
644082
644082
644113
644109
644013
644012
644022
644047
644105
644109
644024
644030
644060
644022
644043
644121
644007
644069
644116
644116
644116
644069
644069
644073
644073
644073
644073
644073
644073
644073
644073
644073
644073
644073
644060
644091
644005
644047
644043
644060
644030
644060
644042
644122
644033
644069
644034
644082
644082
644015
644120
644120
644120
644120
644120
644058
644120
644120
644120
644120
644120
644120
644120
644033
644024
644010
644024
644112
644119
644022
644046
644070
644024
644010
644073
644110
644050
644050
644088
644516
644015
644015
644012
644012
644012
644012
644012
644012
644012
644012
644012
644012
644012
644012
644012
644012
644012
644121
644052
644015
644103
644015
644103
644070
644070
644070
644010
644024
644024
644001
644009
644047
644031
644043
644024
644073
644036
644039
644043
644007
644033
644069
644034
644043
644053
644077
644024
644010
644901
644089
644089
644089
644073
644014
644106
644030
644039
644039
644039
644039
644030
644020
644082
644042
644022
644079
644079
644079
644076
644073
644005
644009
644009
644009
644060
644082
644082
644901
644014
644091
644014
644021
644021
644018
644021
644021
644041
644023
644103
644007
644520
644121
644032
644031
644079
644079
644079
644091
644060
644091
644112
644015
644015
644043
644058
644113
644083
644009
644011
644011
644011
644011
644011
644011
644011
644011
644011
644011
644011
644011
644090
644100
644060
644005
644901
644121
644010
644030
644030
644030
644030
644030
644014
644014
644013
644031
644005
644091
644091
644000
644113
644024
644001
644009
644105
644113
644113
644113
644113
644010
644009
644029
644035
644024
644010
644042
644046
644024
644010
644046
644046
644031
644031
644031
644031
644005
644106
644033
644520
644015
644015
644048
644020
644091
644106
644008
644109
644113
644007
644043
644007
644081
644070
644041
644079
644041
644079
644031
644029
644045
644088
644050
644045
644088
644100
644083
644082
644073
644082
644022
644027
644039
644901
644058
644113
644113
644109
644113
644109
644113
644113
644113
644109
644036
644082
644016
644007
644113
644113
644042
644121
644043
644007
644052
644047
644052
644047
644052
644047
644047
644105
644052
644047
644105
644052
644105
644052
644086
644903
644005
644005
644005
644030
644005
644060
644030
644060
644030
644060
644030
644060
644030
644060
644030
644030
644060
644030
644030
644060
644030
644005
644060
644030
644060
644030
644060
644030
644060
644030
644014
644091
644031
644007
644047
644024
644022
644036
644036
644014
644091
644024
644010
644022
644022
644082
644082
644106
644113
644109
644001
644031
644070
644001
644001
644007
644018
644117
644117
644117
644022
644050
644014
644060
644022
644024
644073
644039
644039
644039
644039
644039
644039
644039
644039
644039
644039
644039
644039
644039
644039
644039
644039
644039
644039
644039
644039
644082
644050
644050
644029
644088
644065
644089
644065
644053
644089
644088
644065
644053
644089
644030
644033
644076
644022
644082
644016
644046
644109
644520
644039
644122
644007
644082
644082
644010
644073